A

0000000000011100000000000
0000000000110110000000000
0000000001100011000000000
0000000011000001100000000
0000000110000000110000000
0000001100000000011000000
0000011000000000001100000
0000011000000000001100000
0000011000000000001100000
0000110000000000000110000
0000111111111111111110000
0000111111111111111110000
0001100000000000000011000
0001100000000000000011000
0001100000000000000011000
0011000000000000000001100
0011000000000000000001100
0011000000000000000001100
0011000000000000000001100
0110000000000000000000110
0110000000000000000000110
0110000000000000000000110
1100000000000000000000011
1100000000000000000000011
1100000000000000000000011

B

1111111111111111111100000
1110000000000000000111000
1110000000000000000001110
1110000000000000000000111
1110000000000000000000111
1110000000000000000000111
1110000000000000000001110
1110000000000000000011100
1110000000000000000011100
1110000000000000000111000
1111111111111111111110000
1111111111111111111110000
1110000000000000000111000
1100000000000000000011100
1100000000000000000011100
1100000000000000000001110
1100000000000000000000111
1100000000000000000000111
1100000000000000000000111
1100000000000000000000111
1100000000000000000001110
1100000000000000000011100
1100000000000000000011100
1111111111111111111111000
1111111111111111111110000

C

0111111111111111111111110
0111111111111111111111110
0111111111111111111111110
0111000000000000000000000
0111000000000000000000000
0111000000000000000000000
0111000000000000000000000
0111000000000000000000000
0111000000000000000000000
0111000000000000000000000
0111000000000000000000000
0111000000000000000000000
0111000000000000000000000
0111000000000000000000000
0111000000000000000000000
0111000000000000000000000
0111000000000000000000000
0111000000000000000000000
0111000000000000000000000
0111000000000000000000000
0111000000000000000000000
0111000000000000000000000
0111111111111111111111110
0111111111111111111111110
0111111111111111111111110

D

0111111111111111111111000
0111111111111111111111000
0110000000000000000001100
0110000000000000000000110
0110000000000000000000110
0110000000000000000000110
0110000000000000000000110
0110000000000000000000110
0110000000000000000000110
0110000000000000000000110
0110000000000000000000110
0110000000000000000000110
0110000000000000000000110
0110000000000000000000110
0110000000000000000000110
0110000000000000000000110
0110000000000000000000110
0110000000000000000000110
0110000000000000000000110
0110000000000000000000110
0110000000000000000000110
0110000000000000000000110
0110000000000000000001100
0111111111111111111111000
0111111111111111111111000

E

0111111111111111111111100
0111111111111111111111100
0111000000000000000000000
0111000000000000000000000
0111000000000000000000000
0111000000000000000000000
0111000000000000000000000
0111000000000000000000000
0111000000000000000000000
0111000000000000000000000
0111111111111100000000000
0111111111111100000000000
0111000000000000000000000
0111000000000000000000000
0111000000000000000000000
0111000000000000000000000
0111000000000000000000000
0111000000000000000000000
0111000000000000000000000
0111000000000000000000000
0111000000000000000000000
0111000000000000000000000
0111000000000000000000000
0111111111111111111111100
0111111111111111111111100

F

0111111111111111111111100
0111111111111111111111100
0111000000000000000000000
0111000000000000000000000
0111000000000000000000000
0111000000000000000000000
0111000000000000000000000
0111000000000000000000000
0111000000000000000000000
0111000000000000000000000
0111111111111100000000000
0111111111111100000000000
0111000000000000000000000
0111000000000000000000000
0111000000000000000000000
0111000000000000000000000
0111000000000000000000000
0111000000000000000000000
0111000000000000000000000
0111000000000000000000000
0111000000000000000000000
0111000000000000000000000
0111000000000000000000000
0111000000000000000000000
0111000000000000000000000

G

0111111111111111111111110
0111111111111111111111110
0111111111111111111111110
0111000000000000000000000
0111000000000000000000000
0111000000000000000000000
0111000000000000000000000
0111000000000000000000000
0111000000000000000000000
0111000000000000000000000
0111000000000000000000000
0111000000000000000000000
0111000000000000000000000
0111000000000000000000000
0111000000000000111111110
0111000000000011111111110
0111000000000011110000110
0111000000000000000000110
0111000000000000000000110
0111000000000000000000110
0111000000000000000000110
0111000000000000000000110
0111111111111111111111110
0111111111111111111111110
0111111111111111111111110

H

0111000000000000000001110
0111000000000000000001110
0111000000000000000001110
0111000000000000000001110
0111000000000000000001110
0111000000000000000001110
0111000000000000000001110
0111000000000000000001110
0111000000000000000001110
0111000000000000000001110
0111111111111111111111110
0111111111111111111111110
0111111111111111111111110
0111000000000000000001110
0111000000000000000001110
0111000000000000000001110
0111000000000000000001110
0111000000000000000001110
0111000000000000000001110
0111000000000000000001110
0111000000000000000001110
0111000000000000000001110
0111000000000000000001110
0111000000000000000001110
0111000000000000000001110

I

0000000000011100000000000
0000000000011100000000000
0000000000011100000000000
0000000000011100000000000
0000000000011100000000000
0000000000011100000000000
0000000000011100000000000
0000000000011100000000000
0000000000011100000000000
0000000000011100000000000
0000000000011100000000000
0000000000011100000000000
0000000000011100000000000
0000000000011100000000000
0000000000011100000000000
0000000000011100000000000
0000000000011100000000000
0000000000011100000000000
0000000000011100000000000
0000000000011100000000000
0000000000011100000000000
0000000000011100000000000
0000000000011100000000000
0000000000011100000000000
0000000000011100000000000

J

0000000000000000000011100
0000000000000000000011100
0000000000000000000011100
0000000000000000000011100
0000000000000000000011100
0000000000000000000011100
0000000000000000000011100
0000000000000000000011100
0000000000000000000011100
0000000000000000000011100
0000000000000000000011100
0000000000000000000011100
0000000000000000000011100
0000000000000000000011100
0000000000000000000011100
0000000000000000000011100
0010000000000000000011100
0011000000000000000011100
0011100000000000000011100
0011100000000000000011100
0011100000000000000011100
0011110000000000000011100
0001111111111111111111000
0001111111111111111111000
0000111111111111111110000

K

0111000000000011100000000
0111000000000111000000000
0111000000001110000000000
0111000000011100000000000
0111000000111000000000000
0111000001110000000000000
0111000011100000000000000
0111000111000000000000000
0111001110000000000000000
0111011100000000000000000
0111110000000000000000000
0111110000000000000000000
0111110000000000000000000
0111011100000000000000000
0111001110000000000000000
0111000111000000000000000
0111000011110000000000000
0111000001110000000000000
0111000000111000000000000
0111000000011100000000000
0111000000001110000000000
0111000000000111000000000
0111000000000011100000000
0111000000000001110000000
0111000000000000111000000


L

0111000000000000000000000
0111000000000000000000000
0111000000000000000000000
0111000000000000000000000
0111000000000000000000000
0111000000000000000000000
0111000000000000000000000
0111000000000000000000000
0111000000000000000000000
0111000000000000000000000
0111000000000000000000000
0111000000000000000000000
0111000000000000000000000
0111000000000000000000000
0111000000000000000000000
0111000000000000000000000
0111000000000000000000000
0111000000000000000000000
0111000000000000000000000
0111000000000000000000000
0111000000000000000000000
0111000000000000000000000
0111111111111111111111110
0111111111111111111111110
0111111111111111111111110

M

0111000000000000000001110
0111000000000000000001110
0111110000000000000111110
0111011000000000001101110
0111011000000000001101110
0111011100000000011101110
0111001110000000111001110
0111000111000001110001110
0111000011100011100001110
0111000001110111000001110
0111000000110110000001110
0111000000011100000001110
0111000000001000000001110
0111000000000000000001110
0111000000000000000001110
0111000000000000000001110
0111000000000000000001110
0111000000000000000001110
0111000000000000000001110
0111000000000000000001110
0111000000000000000001110
0111000000000000000001110
0111000000000000000001110
0111000000000000000001110
0111000000000000000001110

N

0111000000000000000001110
0111000000000000000001110
0111100000000000000001110
0111111000000000000001110
0111011100000000000001110
0111011100000000000001110
0111001110000000000001110
0111000111000000000001110
0111000011100000000001110
0111000001110000000001110
0111000000111000000001110
0111000000011100000001110
0111000000001110000001110
0111000000000111000001110
0111000000000011100001110
0111000000000001110001110
0111000000000000111001110
0111000000000000011101110
0111000000000000001111110
0111000000000000000111110
0111000000000000000011110
0111000000000000000001110
0111000000000000000001110
0111000000000000000001110
0111000000000000000001110

O

0000111111111111111110000
0000111111111111111110000
0000111111111111111110000
0111000000000000000001110
0111000000000000000001110
0111000000000000000001110
0111000000000000000001110
0111000000000000000001110
0111000000000000000001110
0111000000000000000001110
0111000000000000000001110
0111000000000000000001110
0111000000000000000001110
0111000000000000000001110
0111000000000000000001110
0111000000000000000001110
0111000000000000000001110
0111000000000000000001110
0111000000000000000001110
0111000000000000000001110
0111000000000000000001110
0111000000000000000001110
0000111111111111111110000
0000111111111111111110000
0000111111111111111110000

P

0111111111111111111111100
0111111111111111111111100
0111111111111111111111100
0111000000000000000011100
0111000000000000000011100
0111000000000000000011100
0111000000000000000011100
0111000000000000000011100
0111000000000000000011100
0111000000000000000011100
0111111111111111111111100
0111111111111111111111100
0111111111111111111111100
0111000000000000000000000
0111000000000000000000000
0111000000000000000000000
0111000000000000000000000
0111000000000000000000000
0111000000000000000000000
0111000000000000000000000
0111000000000000000000000
0111000000000000000000000
0111000000000000000000000
0111000000000000000000000
0111000000000000000000000

Q

0000111111111111111110000
0000111111111111111110000
0000111111111111111110000
0111000000000000000001110
0111000000000000000001110
0111000000000000000001110
0111000000000000000001110
0111000000000000000001110
0111000000000000000001110
0111000000000000000001110
0111000000000000000001110
0111000000000000000001110
0111000000000000000001110
0111000000000000000001110
0111000000000000000001110
0111000000000000000001110
0111000000000000000001110
0111000000000000000001110
0111000000001111000001110
0111000000000111100001110
0111000000000011110001110
0111000000000001111001110
0000111111111111111110000
0000111111111111111101100
0000111111111111111101110

R

0111111111111111111111100
0111111111111111111111100
0111111111111111111111100
0111000000000000000011100
0111000000000000000011100
0111000000000000000011100
0111000000000000000011100
0111000000000000000011100
0111000000000000000011100
0111000000000000000011100
0111111111111111111111100
0111111111111111111111100
0111111111111111111111100
0111111100000000000000000
0111001110000000000000000
0111000111000000000000000
0111000011100000000000000
0111000001110000000000000
0111000000111000000000000
0111000000011100000000000
0111000000001110000000000
0111000000000111000000000
0111000000000011100000000
0111000000000001110000000
0111000000000000111000000

S

0001111111111111111111111
0011111111111111111111111
1111111111111111111111111
0111000000000000000000000
0110000000000000000000000
0110000000000000000000000
0110000000000000000000000
0110000000000000000000000
0110000000000000000000000
0110000000000000000000000
0110000000000000000000000
0111111111111111111111000
0011111111111111111111100
0000000000000000000001110
0000000000000000000000110
0000000000000000000000110
0000000000000000000000110
0000000000000000000000110
0000000000000000000000110
0000000000000000000000110
0000000000000000000000110
0000000000000000000000110
0001111111111111111111111
0011111111111111111111100
0111111111111111111111000

T

1111111111111111111111111
1111111111111111111111111
1111111111111111111111111
0000000000011100000000000
0000000000011100000000000
0000000000011100000000000
0000000000011100000000000
0000000000011100000000000
0000000000011100000000000
0000000000011100000000000
0000000000011100000000000
0000000000011100000000000
0000000000011100000000000
0000000000011100000000000
0000000000011100000000000
0000000000011100000000000
0000000000011100000000000
0000000000011100000000000
0000000000011100000000000
0000000000011100000000000
0000000000011100000000000
0000000000011100000000000
0000000000011100000000000
0000000000011100000000000
0000000000011100000000000

U

0000000000000000000000000
0111000000000000000001110
0111000000000000000001110
0111000000000000000001110
0111000000000000000001110
0111000000000000000001110
0111000000000000000001110
0111000000000000000001110
0111000000000000000001110
0111000000000000000001110
0111000000000000000001110
0111000000000000000001110
0111000000000000000001110
0111000000000000000001110
0111000000000000000001110
0111000000000000000001110
0111000000000000000001110
0111000000000000000001110
0111000000000000000001110
0111000000000000000001110
0111000000000000000001110
0111000000000000000001110
0000111111111111111110000
0000111111111111111110000
0000111111111111111110000

V

0111000000000000000001110
0111000000000000000001110
0011100000000000000011100
0011100000000000000011100
0011100000000000000011100
0011100000000000000011100
0001110000000000000111000
0001110000000000000111000
0001110000000000000111000
0001110000000000000111000
0000111000000000001110000
0000111000000000001110000
0000111000000000001110000
0000111000000000001110000
0000011100000000011100000
0000011100000000011100000
0000011100000000011100000
0000011100000000011100000
0000001110000000111000000
0000001110000000111000000
0000001110000000111000000
0000000111000001110000000
0000000111000001110000000
0000000011111111100000000
0000000001111111000000000

W

0111000000000000000001110
0111000000000000000001110
0111000000000000000001110
0111000000000000000001110
0111000000000000000001110
0111000000000000000001110
0111000000000000000001110
0111000000000000000001110
0111000000000000000001110
0111000000000000000001110
0111000000000000000001110
0111000000000000000001110
0111000000001000000001110
0111000000011100000001110
0111000000110110000001110
0111000001100011000001110
0111000011000001100001110
0111000110000000110001110
0111001100000000011001110
0111001100000000011001110
0111011000000000001101110
0111011000000000001101110
0111011000000000001101110
0111110000000000000111110
0111100000000000000011110


X

0000000000000000000000000
0111000000000000000001110
0111000000000000000001110
0011100000000000000011100
0001110000000000000111000
0000111000000000001110000
0000011100000000011100000
0000001110000000111000000
0000000111000001110000000
0000000011100011100000000
0000000001110111000000000
0000000000111110000000000
0000000000011100000000000
0000000000111110000000000
0000000001110111000000000
0000000011100011100000000
0000000111000001110000000
0000001110000000111000000
0000011100000000011100000
0000111000000000001110000
0001110000000000000111000
0011100000000000000011100
0111000000000000000001110
0111000000000000000001110
0000000000000000000000000

Y

0000000000000000000000000
0111000000000000000001110
0111000000000000000001110
0011100000000000000011100
0001110000000000000111000
0000111000000000001110000
0000011100000000011100000
0000001110000000111000000
0000000111000001110000000
0000000011100011100000000
0000000001110111000000000
0000000000111110000000000
0000000000011100000000000
0000000000011100000000000
0000000000011100000000000
0000000000011100000000000
0000000000011100000000000
0000000000011100000000000
0000000000011100000000000
0000000000011100000000000
0000000000011100000000000
0000000000011100000000000
0000000000011100000000000
0000000000011100000000000
0000000000011100000000000

Z

0000000000000000000000000
0111111111111111111111110
0111111111111111111111110
0111111111111111111111110
0000000000000000000001110
0000000000000000000011100
0000000000000000000111000
0000000000000000001110000
0000000000000000011100000
0000000000000000111000000
0000000000000001110000000
0000000000000011100000000
0000000000000111000000000
0000000000001110000000000
0000000000011100000000000
0000000000111000000000000
0000000001110000000000000
0000000011100000000000000
0000000111000000000000000
0000001110000000000000000
0000011100000000000000000
0001111000000000000000000
0111111111111111111111110
0111111111111111111111110
0111111111111111111111110