zero
0000111111111111111110000
0000111111111111111110000
0000111111111111111110000
0111000000000000000001110
0111000000000000000001110
0111000000000000000001110
0111000000000000000001110
0111000000000000000001110
0111000000000000000001110
0111000000000000000001110
0111000000000000000001110
0111000000000000000001110
0111000000000000000001110
0111000000000000000001110
0111000000000000000001110
0111000000000000000001110
0111000000000000000001110
0111000000000000000001110
0111000000000000000001110
0111000000000000000001110
0111000000000000000001110
0111000000000000000001110
0000111111111111111110000
0000111111111111111110000
0000111111111111111110000
one
0000000000011100000000000
0000000000011100000000000
0000000000011100000000000
0000000000011100000000000
0000000000011100000000000
0000000000011100000000000
0000000000011100000000000
0000000000011100000000000
0000000000011100000000000
0000000000011100000000000
0000000000011100000000000
0000000000011100000000000
0000000000011100000000000
0000000000011100000000000
0000000000011100000000000
0000000000011100000000000
0000000000011100000000000
0000000000011100000000000
0000000000011100000000000
0000000000011100000000000
0000000000011100000000000
0000000000011100000000000
0000000000011100000000000
0000000000011100000000000
0000000000011100000000000
two
0111111111111111111111111
0111111111111111111111111
0111111111111111111111111
0000000000000000000001110
0000000000000000000001110
0000000000000000000001110
0000000000000000000001110
0000000000000000000001110
0000000000000000000001110
0000000000000000000001110
0000000000000000000001110
0111111111111111111111110
0011111111111111111111110
0111111111111111111111110
0000000000000000000001110
0000000000000000000001110
0000000000000000000001110
0000000000000000000001110
0000000000000000000001110
0000000000000000000001110
0000000000000000000001110
0000000000000000000001110
0111111111111111111111110
0111111111111111111111110
0111111111111111111111110
three
0111111111111111111111111
0111111111111111111111111
0111111111111111111111111
0000000000000000000001110
0000000000000000000001110
0000000000000000000001110
0000000000000000000001110
0000000000000000000001110
0000000000000000000001110
0000000000000000000001110
0000000000000000000001110
0111111111111111111111110
0011111111111111111111110
0111111111111111111111110
0000000000000000000001110
0000000000000000000001110
0000000000000000000001110
0000000000000000000001110
0000000000000000000001110
0000000000000000000001110
0000000000000000000001110
0000000000000000000001110
0111111111111111111111110
0111111111111111111111110
0111111111111111111111110
four
0111000000000000000001110
0111000000000000000001110
0111000000000000000001110
0111000000000000000001110
0111000000000000000001110
0111000000000000000001110
0111000000000000000001110
0111000000000000000001110
0111000000000000000001110
0111000000000000000001110
0111111111111111111111110
0111111111111111111111110
0111111111111111111111110
0000000000000000000001110
0000000000000000000001110
0000000000000000000001110
0000000000000000000001110
0000000000000000000001110
0000000000000000000001110
0000000000000000000001110
0000000000000000000001110
0000000000000000000001110
0000000000000000000001110
0000000000000000000001110
0000000000000000000001110
five
0111111111111111111111111
0111111111111111111111111
0111111111111111111111111
0111000000000000000000000
0111000000000000000000000
0111000000000000000000000
0111000000000000000000000
0111000000000000000000000
0111000000000000000000000
0111000000000000000000000
0111000000000000000000000
0111111111111111111111110
0111111111111111111111110
0000000000000000000001110
0000000000000000000001110
0000000000000000000001110
0000000000000000000001110
0000000000000000000001110
0000000000000000000001110
0000000000000000000001110
0000000000000000000001110
0000000000000000000001110
0111111111111111111111110
0111111111111111111111110
0111111111111111111111110
six
0111111111111111111111111
0111111111111111111111111
0111111111111111111111111
0111000000000000000000000
0111000000000000000000000
0111000000000000000000000
0111000000000000000000000
0111000000000000000000000
0111000000000000000000000
0111000000000000000000000
0111000000000000000000000
0111111111111111111111110
0111111111111111111111110
0111000000000000000001110
0111000000000000000001110
0111000000000000000001110
0111000000000000000001110
0111000000000000000001110
0111000000000000000001110
0111000000000000000001110
0111000000000000000001110
0111000000000000000001110
0111111111111111111111110
0111111111111111111111110
0111111111111111111111110
seven
0000000000000000000000000
0111111111111111111111100
0111111111111111111111100
0111111111111111111111100
0000000000000000000011100
0000000000000000000011100
0000000000000000000011100
0000000000000000000011100
0000000000000000000011100
0000000000000000000011100
0000000000000000000011100
0000000000000000000011100
0000000000000000000011100
0000000000000000000011100
0000000000000000000011100
0000000000000000000011100
0000000000000000000011100
0000000000000000000011100
0000000000000000000011100
0000000000000000000011100
0000000000000000000011100
0000000000000000000011100
0000000000000000000011100
0000000000000000000011100
eight
0000111111111111111110000
0000111111111111111110000
0001111111111111111111000
0111000000000000000001110
0111000000000000000001110
0111000000000000000001110
0111000000000000000001110
0111000000000000000001110
0111000000000000000001110
0111000000000000000001110
0111000000000000000001110
0111001111111111111001110
0111111111111111111111110
0111001111111111111001110
0111000000000000000001110
0111000000000000000001110
0111000000000000000001110
0111000000000000000001110
0111000000000000000001110
0111000000000000000001110
0111000000000000000001110
0111000000000000000001110
0001111111111111111111000
0000111111111111111110000
0000111111111111111110000
nine
0000000000000000000000000
0111111111111111111111100
0111111111111111111111100
0111111111111111111111100
0111000000000000000011100
0111000000000000000011100
0111000000000000000011100
0111000000000000000011100
0111000000000000000011100
0111111111111111111111100
0111111111111111111111100
0111111111111111111111100
0000000000000000000011100
0000000000000000000011100
0000000000000000000011100
0000000000000000000011100
0000000000000000000011100
0000000000000000000011100
0000000000000000000011100
0000000000000000000011100
0000000000000000000011100
0000000000000000000011100
0000000000000000000011100
0000000000000000000011100
